3608.88 5
3618.49 6
3626.42 4
3648.84 3
3648.98 4
3681.54 6
3716.60 5
3721.34 5
3739.13 5
3744.42 5
3767.36 6
3783.19 6
3800.14 6
3816.56 6
3817.50 7
3873.74 5
3878.62 4
3885.50 1
3897.92 8
3923.00 5
3926.36 5
3942.53 6
3955.21 6
3966.72 6
3972.58 6
3995.10 6
4001.24 7
4012.10 5
4042.59 6
4044.14 18
4047.21 17
4093.69 5
4114.99 6
4134.72 7
4149.19 7
4186.24 8
4222.97 7
4225.67 7
4263.40 7
4305.00 7
4309.10 7
4340.03 5
4388.16 7
4466.65 5
4505.33 6
4595.65 5
4608.45 8
4641.88 10
4642.37 11
4659.38 5
4740.91 4
4744.35 6
4753.93 5
4757.39 7
4786.49 5
4791.05 7
4799.75 6
4804.35 8
4829.23 9
4849.86 7
4856.09 8
4863.48 8
4869.76 9
4942.02 8
4943.29 6
4950.82 9
4956.15 9
4965.03 10
5005.60 8
5056.27 7
5084.23 10
5097.17 11
5099.20 11
5112.25 12
5310.24 5
5323.28 12
5339.69 13
5342.97 12
5359.57 14
5470.13 6
5642.73 5
5772.32 4
5782.38 16
5801.75 17
5812.15 15
5831.89 17
5969.64 2
6120.27 8
6246.59 6
6307.29 7
6427.96 5
6595.00 2
6911.08 19
6936.28 12
6938.77 20
6964.18 7
6964.67 12